Time taken: 16.28 seconds
Lifelong Learning Metrics:
  ContinualAverage: 0.7072005638286759
  BackwardTransfer: -0.025737468181641365
  ForwardTransfer: 0.2991733717928153
